gaussianu_N5451_dx30_xi800_sigma71_r000.txt
ncols 69 
nrows 79
xllcorner 779513
yllcorner 187738
cellsize 30
NODATA_value -9999
[rows 0 to 38 of 79, columns 0 to 68 of 69]
2.958 2.978 3 3.023 3.049 3.075 3.101 3.13 3.157 3.185 3.212 3.237 3.261 3.283 3.302 3.318 3.33 3.338 3.343 3.343 3.339 3.33 3.318 3.302 3.283 3.261 3.237 3.21 3.183 3.155 3.127 3.099 3.073 3.048 3.024 3.003 2.985 2.969 2.958 2.949 2.945 2.945 2.949 2.958 2.972 2.989 3.012 3.038 3.068 3.102 3.138 3.176 3.216 3.256 3.295 3.333 3.368 3.398 3.422 3.441 3.453 3.456 3.453 3.441 3.423 3.398 3.366 3.331 3.292
2.967 2.987 3.008 3.032 3.056 3.082 3.109 3.136 3.163 3.19 3.216 3.24 3.263 3.284 3.301 3.316 3.327 3.334 3.337 3.335 3.33 3.321 3.308 3.292 3.272 3.249 3.225 3.199 3.172 3.144 3.117 3.09 3.064 3.039 3.016 2.995 2.977 2.963 2.951 2.943 2.939 2.939 2.943 2.952 2.964 2.982 3.003 3.029 3.058 3.091 3.127 3.164 3.203 3.242 3.281 3.317 3.352 3.382 3.406 3.425 3.436 3.441 3.437 3.427 3.409 3.385 3.355 3.321 3.283
2.977 2.997 3.018 3.041 3.065 3.091 3.117 3.143 3.17 3.196 3.221 3.244 3.266 3.285 3.301 3.314 3.324 3.329 3.33 3.328 3.322 3.311 3.297 3.28 3.259 3.237 3.213 3.186 3.159 3.132 3.105 3.079 3.053 3.029 3.007 2.987 2.969 2.955 2.944 2.936 2.932 2.932 2.936 2.944 2.957 2.974 2.995 3.02 3.048 3.08 3.115 3.151 3.189 3.228 3.266 3.302 3.335 3.365 3.389 3.407 3.419 3.424 3.422 3.412 3.395 3.373 3.344 3.311 3.274
2.988 3.008 3.029 3.052 3.075 3.101 3.126 3.152 3.178 3.203 3.226 3.249 3.269 3.286 3.301 3.312 3.32 3.323 3.323 3.32 3.311 3.3 3.285 3.266 3.246 3.223 3.198 3.173 3.146 3.119 3.092 3.067 3.042 3.019 2.997 2.978 2.961 2.947 2.936 2.928 2.925 2.925 2.929 2.937 2.949 2.965 2.986 3.01 3.037 3.069 3.103 3.138 3.175 3.212 3.249 3.285 3.318 3.347 3.371 3.39 3.402 3.408 3.406 3.397 3.382 3.36 3.332 3.301 3.265
3.001 3.02 3.041 3.063 3.087 3.111 3.136 3.161 3.186 3.21 3.232 3.253 3.272 3.287 3.3 3.31 3.315 3.317 3.315 3.309 3.3 3.287 3.271 3.252 3.231 3.207 3.183 3.157 3.131 3.105 3.078 3.053 3.03 3.007 2.986 2.967 2.951 2.938 2.927 2.92 2.917 2.917 2.921 2.928 2.94 2.956 2.976 2.999 3.027 3.056 3.089 3.124 3.16 3.197 3.233 3.268 3.3 3.329 3.353 3.372 3.385 3.391 3.39 3.382 3.368 3.347 3.322 3.291 3.257
3.015 3.033 3.054 3.076 3.099 3.122 3.147 3.171 3.194 3.217 3.239 3.258 3.275 3.288 3.299 3.307 3.31 3.31 3.306 3.299 3.288 3.273 3.256 3.236 3.214 3.191 3.166 3.141 3.115 3.089 3.064 3.039 3.016 2.994 2.974 2.956 2.941 2.928 2.918 2.911 2.908 2.908 2.912 2.92 2.931 2.947 2.966 2.989 3.015 3.045 3.076 3.11 3.145 3.181 3.217 3.251 3.282 3.311 3.335 3.354 3.367 3.374 3.374 3.367 3.354 3.335 3.311 3.281 3.249
3.029 3.047 3.067 3.089 3.111 3.134 3.158 3.181 3.203 3.225 3.244 3.262 3.277 3.289 3.298 3.303 3.304 3.302 3.296 3.287 3.274 3.258 3.24 3.22 3.197 3.173 3.149 3.123 3.098 3.072 3.048 3.024 3.001 2.98 2.961 2.945 2.93 2.917 2.908 2.902 2.899 2.899 2.903 2.911 2.922 2.937 2.955 2.978 3.003 3.031 3.062 3.095 3.13 3.164 3.199 3.233 3.264 3.292 3.316 3.336 3.349 3.357 3.358 3.353 3.341 3.323 3.3 3.272 3.241
3.044 3.062 3.082 3.103 3.125 3.147 3.169 3.191 3.212 3.232 3.25 3.266 3.279 3.288 3.295 3.298 3.297 3.293 3.284 3.273 3.259 3.242 3.222 3.202 3.178 3.154 3.13 3.105 3.08 3.055 3.031 3.008 2.987 2.966 2.948 2.932 2.918 2.906 2.897 2.892 2.889 2.889 2.894 2.901 2.912 2.926 2.944 2.966 2.991 3.018 3.048 3.08 3.113 3.148 3.181 3.214 3.246 3.273 3.297 3.317 3.331 3.34 3.341 3.337 3.327 3.311 3.289 3.263 3.234
3.06 3.078 3.097 3.117 3.138 3.16 3.181 3.201 3.221 3.239 3.255 3.269 3.28 3.287 3.291 3.292 3.288 3.282 3.272 3.259 3.243 3.225 3.205 3.182 3.159 3.135 3.11 3.085 3.061 3.037 3.014 2.991 2.971 2.952 2.934 2.919 2.906 2.895 2.887 2.882 2.879 2.879 2.884 2.891 2.902 2.915 2.933 2.954 2.977 3.004 3.034 3.065 3.097 3.13 3.163 3.195 3.226 3.254 3.279 3.298 3.313 3.322 3.326 3.322 3.314 3.299 3.279 3.254 3.227
3.077 3.094 3.112 3.132 3.152 3.172 3.192 3.211 3.229 3.246 3.26 3.271 3.28 3.285 3.286 3.284 3.279 3.27 3.258 3.243 3.226 3.206 3.185 3.162 3.138 3.114 3.089 3.065 3.041 3.018 2.995 2.974 2.954 2.936 2.919 2.905 2.893 2.883 2.876 2.871 2.868 2.869 2.873 2.88 2.891 2.905 2.921 2.942 2.965 2.991 3.018 3.049 3.08 3.112 3.145 3.177 3.207 3.235 3.259 3.279 3.295 3.305 3.309 3.308 3.3 3.287 3.269 3.246 3.22
3.095 3.11 3.128 3.146 3.165 3.184 3.203 3.221 3.237 3.252 3.264 3.273 3.279 3.281 3.28 3.276 3.268 3.257 3.243 3.226 3.207 3.186 3.164 3.141 3.117 3.092 3.068 3.044 3.021 2.998 2.977 2.956 2.938 2.921 2.905 2.891 2.88 2.87 2.863 2.859 2.857 2.859 2.863 2.869 2.88 2.893 2.91 2.929 2.951 2.976 3.003 3.033 3.063 3.095 3.127 3.158 3.188 3.215 3.24 3.26 3.276 3.287 3.293 3.292 3.287 3.275 3.259 3.238 3.214
3.113 3.127 3.144 3.161 3.179 3.197 3.214 3.23 3.244 3.257 3.266 3.273 3.276 3.276 3.273 3.266 3.256 3.242 3.226 3.208 3.188 3.166 3.142 3.118 3.095 3.07 3.046 3.023 3 2.978 2.958 2.939 2.921 2.904 2.89 2.878 2.867 2.859 2.852 2.848 2.847 2.848 2.852 2.859 2.868 2.881 2.897 2.916 2.937 2.961 2.988 3.016 3.046 3.077 3.108 3.139 3.168 3.196 3.22 3.241 3.258 3.27 3.277 3.278 3.273 3.263 3.249 3.23 3.207
3.131 3.144 3.16 3.176 3.192 3.208 3.224 3.239 3.251 3.261 3.268 3.272 3.273 3.27 3.264 3.254 3.242 3.227 3.209 3.188 3.167 3.144 3.12 3.096 3.072 3.048 3.024 3.001 2.979 2.958 2.939 2.92 2.904 2.889 2.875 2.863 2.853 2.846 2.841 2.837 2.836 2.837 2.841 2.848 2.857 2.869 2.885 2.903 2.924 2.947 2.973 3 3.029 3.059 3.089 3.119 3.148 3.176 3.201 3.222 3.239 3.252 3.26 3.263 3.26 3.251 3.239 3.222 3.201
3.149 3.161 3.176 3.19 3.205 3.22 3.234 3.246 3.256 3.264 3.269 3.27 3.268 3.263 3.254 3.242 3.227 3.21 3.19 3.169 3.146 3.122 3.098 3.074 3.049 3.025 3.001 2.98 2.958 2.938 2.92 2.903 2.887 2.873 2.86 2.85 2.84 2.833 2.828 2.826 2.825 2.826 2.83 2.836 2.846 2.858 2.872 2.889 2.909 2.932 2.957 2.983 3.011 3.04 3.07 3.1 3.129 3.156 3.181 3.203 3.221 3.234 3.243 3.247 3.246 3.24 3.229 3.214 3.195
3.167 3.179 3.191 3.204 3.218 3.231 3.243 3.253 3.26 3.266 3.268 3.267 3.263 3.254 3.243 3.229 3.212 3.193 3.171 3.149 3.125 3.1 3.075 3.051 3.026 3.002 2.98 2.958 2.938 2.919 2.901 2.885 2.87 2.857 2.845 2.835 2.828 2.821 2.816 2.814 2.814 2.815 2.819 2.825 2.834 2.846 2.86 2.876 2.895 2.917 2.94 2.966 2.994 3.022 3.051 3.08 3.109 3.136 3.161 3.183 3.202 3.217 3.227 3.232 3.232 3.227 3.218 3.205 3.188
3.185 3.195 3.207 3.218 3.23 3.241 3.251 3.259 3.264 3.267 3.266 3.263 3.256 3.245 3.232 3.215 3.196 3.174 3.152 3.128 3.103 3.077 3.053 3.027 3.003 2.98 2.958 2.937 2.917 2.899 2.882 2.867 2.853 2.841 2.831 2.822 2.814 2.809 2.804 2.802 2.803 2.804 2.807 2.814 2.822 2.833 2.847 2.863 2.881 2.902 2.925 2.949 2.976 3.004 3.032 3.061 3.089 3.116 3.141 3.164 3.183 3.198 3.209 3.216 3.218 3.216 3.208 3.197 3.182
3.203 3.212 3.221 3.232 3.241 3.25 3.258 3.264 3.267 3.267 3.264 3.258 3.248 3.235 3.219 3.2 3.179 3.156 3.132 3.106 3.081 3.055 3.029 3.005 2.981 2.958 2.936 2.916 2.897 2.88 2.864 2.85 2.838 2.826 2.816 2.809 2.801 2.797 2.793 2.791 2.791 2.793 2.796 2.802 2.81 2.821 2.834 2.849 2.866 2.886 2.908 2.932 2.958 2.985 3.013 3.041 3.069 3.095 3.121 3.144 3.163 3.18 3.192 3.2 3.204 3.203 3.197 3.188 3.175
3.221 3.228 3.236 3.245 3.252 3.259 3.265 3.268 3.269 3.266 3.261 3.252 3.239 3.224 3.206 3.184 3.162 3.137 3.112 3.085 3.059 3.032 3.007 2.982 2.958 2.936 2.915 2.895 2.877 2.861 2.847 2.833 2.821 2.812 2.803 2.796 2.789 2.785 2.782 2.78 2.78 2.782 2.785 2.791 2.799 2.809 2.821 2.836 2.852 2.871 2.892 2.915 2.94 2.966 2.993 3.021 3.049 3.075 3.1 3.123 3.144 3.161 3.174 3.184 3.189 3.189 3.186 3.179 3.167
3.239 3.244 3.25 3.257 3.263 3.267 3.271 3.271 3.269 3.265 3.256 3.245 3.23 3.212 3.192 3.169 3.144 3.118 3.091 3.065 3.037 3.01 2.984 2.96 2.937 2.915 2.894 2.876 2.859 2.843 2.83 2.818 2.807 2.797 2.79 2.783 2.778 2.773 2.771 2.769 2.77 2.772 2.775 2.78 2.787 2.797 2.808 2.822 2.838 2.856 2.876 2.898 2.922 2.948 2.974 3.001 3.028 3.054 3.08 3.103 3.124 3.142 3.156 3.167 3.173 3.176 3.174 3.168 3.159
3.256 3.26 3.264 3.268 3.272 3.275 3.276 3.274 3.27 3.263 3.252 3.238 3.221 3.201 3.178 3.153 3.127 3.1 3.072 3.044 3.016 2.989 2.963 2.938 2.916 2.894 2.875 2.857 2.841 2.826 2.814 2.802 2.793 2.784 2.777 2.771 2.767 2.762 2.761 2.759 2.759 2.761 2.764 2.769 2.776 2.785 2.796 2.809 2.824 2.841 2.86 2.882 2.905 2.929 2.955 2.981 3.007 3.034 3.059 3.082 3.103 3.122 3.138 3.15 3.158 3.162 3.162 3.158 3.151
3.273 3.275 3.277 3.28 3.282 3.282 3.28 3.277 3.27 3.26 3.247 3.23 3.211 3.189 3.164 3.137 3.11 3.081 3.052 3.024 2.995 2.969 2.943 2.918 2.896 2.875 2.856 2.839 2.824 2.81 2.798 2.789 2.779 2.772 2.765 2.76 2.756 2.752 2.752 2.749 2.75 2.751 2.754 2.759 2.765 2.773 2.783 2.796 2.81 2.826 2.844 2.865 2.887 2.91 2.935 2.961 2.987 3.013 3.038 3.061 3.083 3.102 3.119 3.131 3.14 3.147 3.148 3.146 3.141
3.289 3.289 3.29 3.291 3.29 3.289 3.285 3.279 3.269 3.257 3.241 3.223 3.201 3.176 3.15 3.122 3.093 3.063 3.034 3.005 2.976 2.949 2.923 2.899 2.877 2.857 2.838 2.822 2.808 2.795 2.784 2.775 2.767 2.76 2.754 2.75 2.745 2.743 2.742 2.739 2.74 2.741 2.745 2.749 2.754 2.763 2.771 2.782 2.796 2.811 2.829 2.848 2.869 2.892 2.915 2.941 2.966 2.992 3.016 3.04 3.062 3.082 3.099 3.113 3.123 3.131 3.135 3.135 3.131
3.305 3.303 3.303 3.301 3.299 3.295 3.288 3.28 3.269 3.254 3.236 3.215 3.191 3.165 3.137 3.107 3.077 3.047 3.016 2.986 2.957 2.93 2.905 2.881 2.86 2.84 2.822 2.806 2.793 2.781 2.771 2.762 2.755 2.748 2.744 2.74 2.736 2.734 2.733 2.731 2.731 2.733 2.735 2.738 2.745 2.751 2.759 2.77 2.782 2.797 2.813 2.832 2.851 2.873 2.897 2.92 2.945 2.97 2.995 3.019 3.041 3.061 3.079 3.094 3.106 3.114 3.12 3.121 3.119
3.32 3.317 3.314 3.311 3.306 3.3 3.292 3.281 3.268 3.251 3.23 3.207 3.182 3.154 3.124 3.093 3.062 3.03 2.999 2.969 2.94 2.913 2.887 2.864 2.843 2.824 2.807 2.793 2.779 2.768 2.759 2.751 2.744 2.738 2.734 2.73 2.727 2.726 2.724 2.722 2.723 2.724 2.726 2.729 2.734 2.739 2.748 2.758 2.768 2.782 2.798 2.815 2.835 2.855 2.877 2.901 2.925 2.949 2.973 2.997 3.019 3.039 3.058 3.074 3.087 3.096 3.103 3.107 3.107
3.334 3.33 3.326 3.321 3.314 3.306 3.296 3.283 3.267 3.247 3.225 3.2 3.173 3.143 3.112 3.08 3.048 3.015 2.983 2.953 2.924 2.897 2.872 2.849 2.828 2.809 2.793 2.779 2.767 2.757 2.748 2.741 2.734 2.73 2.726 2.722 2.72 2.718 2.717 2.715 2.715 2.716 2.718 2.721 2.724 2.73 2.736 2.745 2.756 2.768 2.783 2.799 2.817 2.837 2.859 2.881 2.904 2.928 2.952 2.975 2.997 3.018 3.036 3.053 3.067 3.079 3.086 3.091 3.093
3.348 3.342 3.336 3.329 3.321 3.311 3.299 3.284 3.266 3.245 3.22 3.193 3.164 3.133 3.101 3.068 3.035 3.002 2.969 2.939 2.91 2.883 2.858 2.835 2.815 2.797 2.781 2.768 2.756 2.746 2.739 2.732 2.726 2.722 2.718 2.715 2.713 2.712 2.71 2.708 2.708 2.709 2.71 2.711 2.715 2.72 2.725 2.733 2.744 2.754 2.768 2.783 2.801 2.819 2.839 2.861 2.883 2.906 2.93 2.953 2.974 2.996 3.014 3.031 3.046 3.058 3.068 3.075 3.079
3.361 3.353 3.346 3.338 3.328 3.316 3.302 3.285 3.265 3.242 3.216 3.187 3.157 3.124 3.091 3.057 3.023 2.989 2.957 2.926 2.897 2.87 2.845 2.823 2.803 2.786 2.771 2.758 2.747 2.738 2.731 2.724 2.719 2.715 2.711 2.709 2.707 2.706 2.704 2.703 2.701 2.701 2.702 2.704 2.707 2.71 2.716 2.722 2.731 2.741 2.755 2.768 2.784 2.801 2.821 2.841 2.863 2.885 2.907 2.93 2.951 2.973 2.991 3.01 3.025 3.039 3.05 3.058 3.063
3.372 3.364 3.355 3.346 3.334 3.321 3.305 3.286 3.265 3.239 3.212 3.182 3.15 3.117 3.082 3.047 3.013 2.979 2.946 2.915 2.886 2.859 2.835 2.813 2.793 2.776 2.761 2.75 2.739 2.731 2.724 2.718 2.714 2.71 2.706 2.704 2.702 2.701 2.699 2.697 2.696 2.695 2.696 2.697 2.698 2.702 2.706 2.711 2.72 2.729 2.739 2.753 2.768 2.784 2.802 2.822 2.842 2.864 2.886 2.907 2.929 2.95 2.968 2.987 3.003 3.017 3.028 3.038 3.045
3.383 3.373 3.364 3.353 3.34 3.325 3.308 3.287 3.265 3.238 3.209 3.178 3.145 3.11 3.075 3.039 3.004 2.969 2.937 2.906 2.877 2.85 2.825 2.804 2.785 2.769 2.754 2.742 2.733 2.725 2.718 2.713 2.709 2.705 2.702 2.7 2.698 2.696 2.695 2.693 2.691 2.69 2.689 2.69 2.69 2.693 2.696 2.702 2.708 2.716 2.727 2.738 2.752 2.767 2.785 2.802 2.822 2.842 2.863 2.884 2.906 2.926 2.944 2.963 2.979 2.995 3.008 3.019 3.027
3.392 3.382 3.371 3.359 3.346 3.329 3.311 3.289 3.264 3.237 3.208 3.175 3.141 3.105 3.069 3.033 2.997 2.962 2.929 2.898 2.869 2.842 2.819 2.797 2.779 2.763 2.749 2.738 2.728 2.721 2.714 2.71 2.706 2.702 2.7 2.697 2.695 2.693 2.691 2.689 2.687 2.685 2.684 2.683 2.684 2.685 2.689 2.691 2.697 2.705 2.713 2.724 2.737 2.75 2.766 2.784 2.802 2.821 2.841 2.861 2.881 2.901 2.92 2.939 2.956 2.971 2.985 2.997 3.007
3.399 3.389 3.377 3.365 3.35 3.333 3.313 3.29 3.266 3.237 3.206 3.173 3.138 3.102 3.065 3.028 2.992 2.957 2.924 2.893 2.864 2.837 2.814 2.793 2.775 2.759 2.746 2.735 2.725 2.719 2.712 2.708 2.704 2.7 2.698 2.695 2.693 2.691 2.689 2.686 2.683 2.681 2.68 2.678 2.677 2.679 2.679 2.683 2.687 2.693 2.701 2.711 2.721 2.735 2.749 2.764 2.782 2.8 2.819 2.838 2.858 2.877 2.896 2.915 2.931 2.947 2.962 2.975 2.986
3.405 3.394 3.382 3.369 3.354 3.336 3.316 3.293 3.266 3.237 3.205 3.171 3.136 3.1 3.062 3.025 2.989 2.954 2.921 2.889 2.86 2.835 2.811 2.791 2.772 2.757 2.744 2.733 2.724 2.717 2.712 2.707 2.703 2.7 2.697 2.695 2.692 2.689 2.687 2.683 2.68 2.678 2.676 2.674 2.672 2.672 2.673 2.674 2.677 2.683 2.689 2.697 2.708 2.718 2.731 2.746 2.761 2.779 2.797 2.815 2.834 2.853 2.871 2.889 2.906 2.922 2.938 2.951 2.964
3.409 3.398 3.386 3.372 3.357 3.339 3.318 3.294 3.268 3.238 3.206 3.171 3.136 3.099 3.061 3.024 2.988 2.953 2.92 2.888 2.859 2.834 2.811 2.79 2.772 2.757 2.744 2.734 2.725 2.718 2.713 2.709 2.704 2.701 2.698 2.695 2.692 2.689 2.685 2.682 2.678 2.675 2.672 2.669 2.668 2.666 2.666 2.666 2.669 2.672 2.678 2.684 2.693 2.704 2.715 2.727 2.743 2.758 2.775 2.792 2.81 2.827 2.846 2.863 2.88 2.896 2.912 2.927 2.94
3.41 3.399 3.387 3.374 3.359 3.341 3.32 3.296 3.269 3.24 3.208 3.173 3.137 3.1 3.063 3.025 2.989 2.954 2.921 2.889 2.861 2.835 2.812 2.792 2.774 2.759 2.746 2.737 2.728 2.72 2.715 2.711 2.707 2.703 2.7 2.696 2.693 2.69 2.686 2.682 2.678 2.674 2.67 2.666 2.663 2.661 2.659 2.659 2.66 2.663 2.666 2.672 2.679 2.688 2.698 2.71 2.723 2.737 2.753 2.768 2.785 2.803 2.82 2.837 2.854 2.87 2.886 2.902 2.917
3.408 3.398 3.387 3.374 3.359 3.342 3.321 3.298 3.271 3.242 3.21 3.175 3.139 3.102 3.065 3.028 2.992 2.957 2.924 2.893 2.864 2.839 2.816 2.796 2.778 2.763 2.751 2.741 2.732 2.725 2.719 2.715 2.711 2.707 2.703 2.699 2.696 2.692 2.688 2.683 2.678 2.673 2.668 2.664 2.66 2.655 2.654 2.652 2.653 2.653 2.657 2.66 2.666 2.673 2.682 2.692 2.704 2.717 2.731 2.746 2.761 2.778 2.794 2.811 2.827 2.844 2.86 2.876 2.891
3.404 3.395 3.384 3.372 3.358 3.342 3.322 3.299 3.272 3.243 3.212 3.178 3.143 3.107 3.07 3.033 2.997 2.962 2.929 2.899 2.87 2.845 2.822 2.802 2.785 2.77 2.757 2.747 2.738 2.731 2.725 2.72 2.716 2.712 2.708 2.704 2.7 2.695 2.69 2.684 2.678 2.672 2.667 2.661 2.657 2.653 2.648 2.646 2.644 2.645 2.645 2.649 2.653 2.658 2.667 2.675 2.686 2.696 2.71 2.723 2.738 2.753 2.768 2.785 2.801 2.817 2.834 2.85 2.866
3.397 3.389 3.38 3.369 3.356 3.34 3.322 3.299 3.275 3.246 3.215 3.182 3.147 3.112 3.076 3.039 3.003 2.97 2.937 2.906 2.878 2.853 2.831 2.81 2.793 2.778 2.766 2.755 2.746 2.739 2.732 2.727 2.723 2.718 2.714 2.709 2.704 2.698 2.692 2.686 2.68 2.673 2.666 2.66 2.653 2.648 2.645 2.64 2.638 2.636 2.637 2.637 2.64 2.645 2.65 2.658 2.666 2.677 2.688 2.701 2.713 2.728 2.743 2.758 2.774 2.79 2.807 2.823 2.84
3.388 3.38 3.372 3.363 3.351 3.337 3.32 3.3 3.275 3.249 3.219 3.187 3.153 3.118 3.082 3.047 3.012 2.979 2.946 2.916 2.889 2.863 2.841 2.821 2.803 2.788 2.776 2.764 2.755 2.748 2.741 2.736 2.731 2.726 2.72 2.715 2.709 2.703 2.696 2.69 2.683 2.675 2.667 2.66 2.652 2.645 2.64 2.635 2.631 2.629 2.627 2.628 2.628 2.631 2.636 2.641 2.649 2.657 2.667 2.678 2.691 2.703 2.717 2.732 2.747 2.764 2.78 2.797 2.814
3.374 3.369 3.362 3.355 3.345 3.333 3.317 3.298 3.276 3.251 3.223 3.192 3.16 3.126 3.091 3.057 3.023 2.99 2.958 2.928 2.901 2.876 2.853 2.833 2.816 2.801 2.787 2.776 2.767 2.759 2.752 2.746 2.74 2.734 2.728 2.722 2.715 2.709 2.701 2.693 2.684 2.676 2.667 2.659 2.651 2.643 2.636 2.629 2.625 2.62 2.619 2.616 2.617 2.618 2.621 2.625 2.631 2.638 2.646 2.657 2.667 2.679 2.692 2.706 2.721 2.736 2.753 2.77 2.788
