gaussianu_N5451_dx30_xi800_sigma71_r000.txt
ncols 69 
nrows 79
xllcorner 779513
yllcorner 187738
cellsize 30
NODATA_value -9999
[rows 39 to 77 of 79, columns 0 to 68 of 69]
3.358 3.354 3.349 3.344 3.336 3.326 3.312 3.296 3.276 3.253 3.226 3.197 3.167 3.135 3.102 3.068 3.034 3.002 2.972 2.943 2.915 2.89 2.868 2.848 2.83 2.815 2.801 2.79 2.78 2.771 2.764 2.757 2.751 2.744 2.738 2.731 2.723 2.715 2.706 2.697 2.688 2.679 2.669 2.66 2.65 2.641 2.633 2.626 2.618 2.614 2.609 2.608 2.605 2.606 2.606 2.609 2.614 2.619 2.626 2.634 2.645 2.655 2.668 2.68 2.696 2.71 2.727 2.744 2.762
3.337 3.336 3.333 3.33 3.324 3.316 3.306 3.292 3.274 3.254 3.229 3.203 3.174 3.144 3.112 3.08 3.048 3.017 2.987 2.958 2.932 2.907 2.884 2.864 2.847 2.83 2.817 2.806 2.795 2.786 2.777 2.77 2.762 2.755 2.748 2.739 2.73 2.722 2.712 2.703 2.693 2.682 2.671 2.66 2.65 2.64 2.63 2.622 2.614 2.607 2.602 2.597 2.595 2.593 2.594 2.594 2.597 2.601 2.606 2.614 2.622 2.633 2.643 2.656 2.669 2.684 2.701 2.718 2.737
3.314 3.314 3.314 3.313 3.311 3.305 3.298 3.286 3.272 3.254 3.233 3.209 3.182 3.154 3.123 3.094 3.063 3.033 3.004 2.975 2.949 2.925 2.903 2.883 2.864 2.848 2.835 2.822 2.811 2.801 2.792 2.784 2.775 2.767 2.758 2.749 2.74 2.731 2.72 2.708 2.697 2.685 2.673 2.661 2.649 2.638 2.628 2.618 2.609 2.602 2.594 2.589 2.584 2.582 2.579 2.58 2.581 2.583 2.588 2.593 2.601 2.609 2.62 2.632 2.643 2.66 2.675 2.692 2.712
3.287 3.29 3.292 3.293 3.293 3.292 3.287 3.279 3.267 3.252 3.235 3.213 3.189 3.163 3.135 3.107 3.078 3.05 3.021 2.994 2.968 2.945 2.922 2.902 2.884 2.868 2.854 2.841 2.829 2.818 2.808 2.799 2.79 2.78 2.771 2.761 2.75 2.738 2.727 2.715 2.703 2.69 2.677 2.664 2.651 2.639 2.626 2.615 2.606 2.595 2.588 2.58 2.575 2.57 2.568 2.565 2.566 2.566 2.569 2.574 2.58 2.588 2.597 2.607 2.62 2.635 2.65 2.668 2.688
3.257 3.262 3.267 3.271 3.274 3.275 3.273 3.269 3.261 3.25 3.234 3.217 3.196 3.173 3.148 3.121 3.094 3.067 3.04 3.014 2.989 2.966 2.944 2.923 2.906 2.889 2.874 2.861 2.848 2.837 2.826 2.815 2.804 2.794 2.783 2.772 2.76 2.749 2.736 2.722 2.708 2.693 2.679 2.665 2.651 2.638 2.625 2.612 2.601 2.591 2.58 2.573 2.565 2.56 2.554 2.553 2.55 2.55 2.552 2.555 2.56 2.567 2.575 2.586 2.598 2.611 2.626 2.645 2.665
3.224 3.231 3.238 3.245 3.251 3.255 3.258 3.256 3.253 3.245 3.234 3.219 3.202 3.182 3.159 3.135 3.11 3.085 3.06 3.035 3.011 2.988 2.966 2.947 2.928 2.912 2.896 2.882 2.869 2.856 2.844 2.833 2.821 2.81 2.798 2.785 2.772 2.758 2.743 2.729 2.714 2.699 2.684 2.669 2.653 2.638 2.623 2.61 2.597 2.585 2.574 2.565 2.557 2.549 2.544 2.539 2.536 2.535 2.535 2.538 2.541 2.546 2.555 2.564 2.575 2.589 2.604 2.623 2.643
3.188 3.197 3.206 3.216 3.225 3.234 3.239 3.242 3.241 3.238 3.231 3.22 3.206 3.189 3.17 3.149 3.127 3.104 3.08 3.057 3.034 3.011 2.99 2.971 2.952 2.935 2.919 2.904 2.89 2.877 2.864 2.85 2.838 2.825 2.811 2.798 2.783 2.769 2.754 2.737 2.721 2.704 2.687 2.671 2.655 2.639 2.624 2.608 2.594 2.581 2.568 2.558 2.548 2.54 2.532 2.527 2.523 2.52 2.52 2.52 2.523 2.529 2.535 2.543 2.555 2.568 2.585 2.603 2.622
3.149 3.16 3.172 3.185 3.197 3.208 3.217 3.224 3.228 3.229 3.226 3.22 3.209 3.196 3.181 3.163 3.143 3.122 3.1 3.078 3.056 3.035 3.015 2.995 2.977 2.96 2.943 2.928 2.912 2.898 2.884 2.87 2.856 2.842 2.827 2.812 2.796 2.779 2.762 2.745 2.728 2.711 2.692 2.675 2.657 2.639 2.623 2.607 2.591 2.577 2.563 2.551 2.54 2.53 2.522 2.515 2.509 2.507 2.504 2.504 2.507 2.511 2.516 2.525 2.536 2.55 2.565 2.582 2.602
3.107 3.12 3.135 3.15 3.166 3.181 3.193 3.204 3.212 3.217 3.219 3.216 3.21 3.201 3.189 3.174 3.158 3.14 3.12 3.1 3.08 3.06 3.04 3.021 3.002 2.985 2.968 2.952 2.936 2.921 2.905 2.89 2.874 2.858 2.842 2.826 2.809 2.792 2.773 2.754 2.735 2.716 2.697 2.678 2.659 2.641 2.622 2.605 2.589 2.573 2.559 2.545 2.533 2.522 2.513 2.504 2.499 2.493 2.491 2.49 2.491 2.494 2.5 2.509 2.519 2.532 2.547 2.564 2.585
3.064 3.078 3.095 3.114 3.132 3.15 3.167 3.182 3.194 3.203 3.209 3.211 3.209 3.205 3.197 3.186 3.172 3.157 3.14 3.122 3.103 3.084 3.066 3.047 3.029 3.011 2.994 2.976 2.96 2.943 2.927 2.91 2.894 2.877 2.859 2.84 2.821 2.802 2.783 2.763 2.743 2.723 2.702 2.682 2.661 2.642 2.623 2.604 2.586 2.57 2.553 2.54 2.526 2.514 2.503 2.495 2.487 2.481 2.479 2.476 2.477 2.48 2.485 2.492 2.502 2.515 2.53 2.548 2.569
3.019 3.035 3.054 3.075 3.096 3.117 3.138 3.156 3.173 3.186 3.196 3.203 3.206 3.206 3.203 3.195 3.185 3.173 3.159 3.143 3.126 3.109 3.091 3.073 3.055 3.037 3.019 3.002 2.984 2.967 2.949 2.931 2.913 2.895 2.876 2.856 2.836 2.815 2.794 2.773 2.751 2.729 2.708 2.686 2.665 2.644 2.623 2.604 2.585 2.567 2.551 2.534 2.52 2.507 2.496 2.486 2.477 2.472 2.467 2.464 2.465 2.467 2.471 2.478 2.488 2.5 2.516 2.534 2.556
2.972 2.99 3.012 3.034 3.058 3.082 3.106 3.128 3.149 3.167 3.182 3.194 3.201 3.205 3.206 3.203 3.197 3.188 3.177 3.164 3.149 3.133 3.116 3.099 3.081 3.064 3.045 3.027 3.009 2.99 2.972 2.953 2.933 2.913 2.892 2.871 2.85 2.828 2.805 2.783 2.76 2.737 2.714 2.69 2.668 2.646 2.625 2.603 2.584 2.564 2.547 2.53 2.515 2.5 2.489 2.477 2.469 2.462 2.456 2.454 2.453 2.455 2.459 2.466 2.476 2.488 2.504 2.522 2.544
2.924 2.944 2.967 2.992 3.018 3.045 3.073 3.099 3.124 3.146 3.165 3.181 3.194 3.203 3.208 3.209 3.206 3.201 3.193 3.183 3.171 3.157 3.141 3.125 3.108 3.09 3.072 3.053 3.034 3.015 2.995 2.975 2.954 2.932 2.91 2.887 2.864 2.84 2.816 2.792 2.768 2.744 2.719 2.695 2.672 2.648 2.626 2.604 2.582 2.563 2.543 2.526 2.509 2.496 2.482 2.47 2.461 2.453 2.447 2.444 2.443 2.445 2.449 2.456 2.465 2.479 2.494 2.513 2.535
2.877 2.897 2.922 2.949 2.978 3.007 3.038 3.067 3.096 3.122 3.146 3.167 3.184 3.197 3.207 3.212 3.214 3.213 3.208 3.201 3.191 3.179 3.165 3.15 3.134 3.116 3.098 3.079 3.059 3.038 3.017 2.995 2.973 2.95 2.927 2.903 2.879 2.854 2.829 2.803 2.777 2.752 2.726 2.7 2.675 2.651 2.627 2.605 2.583 2.561 2.542 2.523 2.506 2.49 2.476 2.465 2.454 2.446 2.44 2.436 2.435 2.436 2.44 2.447 2.457 2.47 2.486 2.505 2.528
2.83 2.851 2.877 2.905 2.936 2.968 3.001 3.034 3.066 3.096 3.124 3.15 3.171 3.189 3.204 3.214 3.22 3.222 3.222 3.217 3.21 3.201 3.189 3.175 3.159 3.142 3.124 3.104 3.083 3.062 3.04 3.018 2.994 2.969 2.944 2.919 2.893 2.866 2.839 2.812 2.785 2.759 2.732 2.706 2.679 2.654 2.63 2.605 2.582 2.56 2.54 2.52 2.503 2.486 2.472 2.459 2.448 2.44 2.434 2.43 2.428 2.43 2.434 2.441 2.451 2.464 2.48 2.5 2.523
2.782 2.805 2.831 2.862 2.895 2.929 2.964 3 3.035 3.07 3.101 3.131 3.157 3.18 3.198 3.213 3.224 3.23 3.233 3.232 3.228 3.221 3.211 3.198 3.184 3.166 3.149 3.129 3.108 3.086 3.063 3.039 3.014 2.989 2.963 2.935 2.908 2.88 2.852 2.824 2.795 2.767 2.738 2.711 2.684 2.657 2.632 2.607 2.583 2.561 2.538 2.519 2.5 2.483 2.469 2.455 2.444 2.435 2.429 2.425 2.423 2.425 2.429 2.436 2.447 2.46 2.477 2.497 2.521
2.737 2.76 2.787 2.819 2.852 2.889 2.927 2.965 3.003 3.041 3.076 3.11 3.141 3.168 3.191 3.21 3.225 3.236 3.243 3.245 3.244 3.239 3.231 3.22 3.206 3.191 3.173 3.153 3.132 3.109 3.085 3.061 3.034 3.007 2.979 2.951 2.922 2.893 2.863 2.834 2.804 2.775 2.746 2.717 2.688 2.662 2.634 2.609 2.584 2.56 2.537 2.518 2.498 2.481 2.466 2.452 2.441 2.432 2.426 2.422 2.42 2.422 2.426 2.433 2.444 2.458 2.476 2.497 2.522
2.692 2.717 2.744 2.777 2.812 2.85 2.889 2.93 2.971 3.011 3.051 3.088 3.123 3.154 3.182 3.205 3.224 3.239 3.25 3.256 3.258 3.256 3.25 3.241 3.228 3.213 3.196 3.176 3.155 3.132 3.107 3.081 3.054 3.026 2.997 2.967 2.937 2.906 2.876 2.845 2.814 2.784 2.753 2.723 2.694 2.665 2.638 2.611 2.586 2.561 2.538 2.517 2.497 2.48 2.464 2.45 2.439 2.43 2.424 2.42 2.419 2.42 2.425 2.433 2.444 2.459 2.478 2.499 2.525
2.65 2.675 2.703 2.736 2.772 2.812 2.852 2.896 2.939 2.982 3.024 3.065 3.103 3.139 3.171 3.198 3.222 3.241 3.255 3.265 3.269 3.27 3.267 3.26 3.249 3.235 3.218 3.199 3.177 3.154 3.128 3.102 3.074 3.044 3.014 2.984 2.952 2.92 2.888 2.856 2.823 2.792 2.761 2.729 2.699 2.67 2.641 2.614 2.588 2.562 2.54 2.517 2.497 2.48 2.464 2.45 2.438 2.43 2.424 2.42 2.419 2.421 2.426 2.435 2.447 2.463 2.482 2.504 2.529
2.611 2.635 2.664 2.697 2.734 2.775 2.817 2.861 2.907 2.953 2.998 3.041 3.083 3.122 3.158 3.19 3.217 3.24 3.258 3.271 3.279 3.283 3.282 3.277 3.268 3.255 3.239 3.22 3.198 3.174 3.149 3.121 3.093 3.063 3.032 2.999 2.967 2.933 2.901 2.868 2.835 2.801 2.769 2.737 2.705 2.675 2.645 2.617 2.59 2.565 2.541 2.518 2.499 2.481 2.464 2.45 2.439 2.43 2.425 2.422 2.421 2.424 2.43 2.439 2.452 2.468 2.487 2.51 2.536
2.574 2.598 2.627 2.662 2.698 2.74 2.783 2.829 2.876 2.923 2.971 3.017 3.062 3.105 3.143 3.179 3.21 3.237 3.259 3.275 3.287 3.293 3.295 3.291 3.284 3.273 3.258 3.239 3.218 3.194 3.169 3.14 3.111 3.08 3.048 3.015 2.982 2.948 2.913 2.879 2.844 2.811 2.777 2.744 2.712 2.68 2.65 2.621 2.593 2.568 2.543 2.52 2.5 2.482 2.466 2.452 2.441 2.432 2.427 2.424 2.425 2.428 2.435 2.445 2.458 2.474 2.495 2.519 2.547
2.54 2.565 2.595 2.628 2.665 2.707 2.751 2.798 2.846 2.895 2.945 2.993 3.041 3.086 3.128 3.167 3.202 3.232 3.257 3.277 3.292 3.301 3.306 3.304 3.299 3.289 3.275 3.258 3.237 3.213 3.187 3.159 3.129 3.098 3.065 3.031 2.996 2.961 2.926 2.891 2.856 2.82 2.786 2.752 2.719 2.686 2.656 2.625 2.598 2.571 2.546 2.523 2.503 2.485 2.468 2.455 2.444 2.436 2.43 2.428 2.429 2.433 2.441 2.452 2.466 2.484 2.505 2.529 2.557
2.51 2.536 2.565 2.598 2.636 2.677 2.722 2.769 2.818 2.869 2.92 2.97 3.02 3.067 3.113 3.154 3.192 3.225 3.254 3.277 3.295 3.307 3.314 3.315 3.311 3.303 3.29 3.274 3.254 3.231 3.205 3.177 3.146 3.114 3.081 3.046 3.011 2.975 2.939 2.902 2.866 2.83 2.794 2.76 2.726 2.693 2.661 2.631 2.603 2.575 2.55 2.527 2.507 2.488 2.472 2.459 2.448 2.441 2.436 2.434 2.436 2.441 2.45 2.462 2.477 2.495 2.517 2.543 2.572
2.486 2.51 2.538 2.572 2.609 2.65 2.695 2.743 2.793 2.844 2.896 2.948 2.999 3.049 3.096 3.141 3.181 3.218 3.249 3.275 3.295 3.31 3.32 3.323 3.322 3.315 3.304 3.288 3.269 3.247 3.221 3.193 3.163 3.13 3.096 3.062 3.026 2.989 2.952 2.915 2.878 2.841 2.805 2.768 2.734 2.7 2.667 2.637 2.608 2.58 2.555 2.531 2.511 2.493 2.477 2.464 2.454 2.447 2.443 2.443 2.445 2.451 2.46 2.472 2.488 2.508 2.532 2.557 2.588
2.464 2.488 2.517 2.549 2.586 2.628 2.672 2.72 2.77 2.821 2.874 2.927 2.979 3.03 3.08 3.126 3.169 3.208 3.241 3.27 3.294 3.311 3.323 3.329 3.33 3.325 3.315 3.301 3.283 3.261 3.237 3.209 3.178 3.146 3.112 3.077 3.04 3.003 2.965 2.927 2.89 2.852 2.815 2.778 2.742 2.708 2.675 2.644 2.614 2.586 2.56 2.537 2.516 2.498 2.483 2.47 2.461 2.455 2.451 2.451 2.454 2.461 2.471 2.485 2.503 2.523 2.547 2.575 2.606
2.448 2.471 2.499 2.531 2.568 2.608 2.652 2.7 2.749 2.801 2.854 2.907 2.961 3.013 3.063 3.111 3.156 3.197 3.233 3.264 3.29 3.31 3.324 3.332 3.335 3.332 3.325 3.312 3.295 3.275 3.25 3.223 3.193 3.161 3.127 3.091 3.055 3.017 2.979 2.94 2.901 2.863 2.825 2.788 2.751 2.716 2.683 2.651 2.62 2.592 2.566 2.543 2.522 2.505 2.489 2.477 2.468 2.462 2.46 2.461 2.466 2.474 2.486 2.499 2.518 2.539 2.565 2.592 2.624
2.436 2.458 2.485 2.517 2.552 2.592 2.636 2.683 2.732 2.784 2.836 2.889 2.943 2.996 3.048 3.097 3.143 3.185 3.223 3.256 3.284 3.306 3.322 3.333 3.338 3.338 3.331 3.32 3.305 3.286 3.263 3.237 3.207 3.176 3.142 3.106 3.069 3.031 2.993 2.953 2.914 2.875 2.836 2.798 2.761 2.726 2.691 2.658 2.628 2.599 2.574 2.55 2.53 2.512 2.497 2.485 2.477 2.473 2.471 2.473 2.479 2.487 2.499 2.515 2.535 2.557 2.583 2.613 2.645
2.428 2.45 2.476 2.506 2.541 2.58 2.623 2.669 2.717 2.769 2.821 2.874 2.927 2.98 3.032 3.082 3.129 3.172 3.212 3.247 3.276 3.3 3.319 3.331 3.339 3.34 3.336 3.327 3.313 3.296 3.274 3.249 3.22 3.189 3.156 3.121 3.083 3.045 3.006 2.967 2.927 2.887 2.848 2.809 2.772 2.735 2.7 2.667 2.636 2.608 2.582 2.558 2.538 2.52 2.506 2.495 2.488 2.484 2.483 2.485 2.492 2.502 2.516 2.532 2.552 2.576 2.604 2.633 2.666
2.425 2.446 2.471 2.501 2.535 2.572 2.614 2.659 2.706 2.756 2.807 2.86 2.913 2.966 3.017 3.067 3.114 3.159 3.199 3.235 3.266 3.292 3.313 3.327 3.337 3.34 3.338 3.331 3.32 3.304 3.283 3.259 3.232 3.202 3.169 3.134 3.098 3.059 3.02 2.98 2.94 2.9 2.859 2.821 2.782 2.745 2.71 2.677 2.645 2.617 2.59 2.567 2.547 2.53 2.516 2.506 2.499 2.495 2.496 2.5 2.507 2.518 2.532 2.55 2.572 2.596 2.624 2.656 2.689
2.427 2.447 2.472 2.5 2.532 2.569 2.609 2.652 2.698 2.747 2.797 2.849 2.9 2.952 3.004 3.053 3.101 3.145 3.185 3.222 3.255 3.282 3.304 3.321 3.332 3.338 3.339 3.334 3.324 3.31 3.291 3.269 3.243 3.214 3.182 3.148 3.112 3.073 3.034 2.994 2.953 2.913 2.872 2.833 2.794 2.756 2.721 2.687 2.656 2.627 2.6 2.576 2.557 2.54 2.527 2.517 2.511 2.508 2.51 2.514 2.522 2.535 2.551 2.569 2.592 2.618 2.646 2.678 2.711
2.434 2.453 2.476 2.503 2.534 2.569 2.608 2.65 2.694 2.741 2.789 2.839 2.889 2.94 2.99 3.039 3.086 3.13 3.171 3.209 3.242 3.271 3.294 3.313 3.326 3.334 3.336 3.334 3.326 3.314 3.298 3.277 3.253 3.225 3.194 3.161 3.125 3.087 3.048 3.008 2.967 2.926 2.885 2.845 2.806 2.768 2.732 2.698 2.667 2.637 2.611 2.587 2.568 2.551 2.538 2.529 2.524 2.522 2.524 2.53 2.54 2.552 2.569 2.589 2.613 2.639 2.668 2.7 2.734
2.445 2.462 2.484 2.51 2.54 2.573 2.61 2.65 2.693 2.738 2.785 2.832 2.881 2.93 2.978 3.026 3.071 3.115 3.156 3.194 3.228 3.257 3.282 3.302 3.317 3.327 3.332 3.332 3.327 3.317 3.302 3.284 3.262 3.235 3.206 3.173 3.139 3.101 3.062 3.022 2.981 2.94 2.899 2.858 2.819 2.78 2.744 2.71 2.678 2.649 2.622 2.599 2.58 2.564 2.551 2.542 2.537 2.537 2.54 2.546 2.557 2.571 2.589 2.61 2.634 2.661 2.692 2.724 2.758
2.46 2.477 2.497 2.521 2.55 2.581 2.616 2.654 2.695 2.737 2.782 2.827 2.874 2.921 2.967 3.014 3.057 3.1 3.14 3.178 3.212 3.242 3.268 3.29 3.307 3.319 3.326 3.328 3.325 3.318 3.306 3.289 3.269 3.245 3.217 3.185 3.151 3.115 3.076 3.036 2.995 2.954 2.913 2.872 2.832 2.793 2.756 2.721 2.69 2.661 2.634 2.611 2.592 2.575 2.564 2.556 2.552 2.552 2.555 2.564 2.575 2.591 2.609 2.631 2.656 2.684 2.714 2.747 2.781
2.479 2.494 2.513 2.536 2.562 2.592 2.625 2.66 2.699 2.739 2.781 2.824 2.868 2.913 2.957 3.001 3.044 3.085 3.124 3.161 3.194 3.225 3.253 3.275 3.294 3.308 3.317 3.322 3.322 3.317 3.307 3.293 3.275 3.253 3.226 3.196 3.164 3.128 3.09 3.051 3.01 2.969 2.927 2.886 2.845 2.806 2.769 2.734 2.702 2.673 2.647 2.624 2.605 2.589 2.578 2.57 2.568 2.568 2.573 2.582 2.594 2.61 2.63 2.652 2.677 2.706 2.736 2.768 2.803
2.502 2.516 2.533 2.554 2.579 2.606 2.636 2.669 2.705 2.742 2.782 2.822 2.864 2.905 2.948 2.989 3.03 3.07 3.108 3.144 3.177 3.208 3.235 3.26 3.28 3.295 3.307 3.314 3.316 3.314 3.307 3.296 3.28 3.259 3.235 3.207 3.175 3.141 3.104 3.065 3.024 2.983 2.942 2.9 2.86 2.821 2.783 2.748 2.715 2.686 2.66 2.637 2.618 2.604 2.593 2.586 2.584 2.585 2.591 2.6 2.613 2.63 2.65 2.673 2.7 2.729 2.759 2.791 2.825
2.528 2.541 2.556 2.575 2.597 2.622 2.651 2.681 2.714 2.748 2.785 2.822 2.86 2.9 2.939 2.978 3.017 3.054 3.091 3.125 3.159 3.189 3.217 3.242 3.264 3.281 3.295 3.304 3.31 3.31 3.305 3.296 3.283 3.265 3.243 3.216 3.187 3.153 3.117 3.079 3.039 2.998 2.956 2.915 2.874 2.835 2.797 2.762 2.729 2.7 2.674 2.652 2.633 2.619 2.607 2.603 2.599 2.603 2.608 2.619 2.633 2.65 2.671 2.696 2.722 2.752 2.781 2.813 2.845
2.558 2.569 2.582 2.599 2.619 2.642 2.667 2.694 2.724 2.755 2.788 2.823 2.858 2.894 2.93 2.967 3.003 3.039 3.073 3.107 3.139 3.169 3.198 3.223 3.246 3.265 3.281 3.293 3.301 3.304 3.302 3.296 3.285 3.27 3.25 3.225 3.197 3.165 3.13 3.092 3.053 3.012 2.971 2.93 2.889 2.85 2.812 2.777 2.744 2.715 2.689 2.667 2.648 2.634 2.624 2.619 2.617 2.62 2.627 2.638 2.652 2.671 2.692 2.717 2.743 2.773 2.802 2.834 2.866
2.591 2.599 2.611 2.626 2.643 2.662 2.685 2.709 2.735 2.764 2.793 2.824 2.856 2.889 2.922 2.956 2.989 3.023 3.056 3.088 3.119 3.149 3.177 3.204 3.227 3.248 3.266 3.28 3.29 3.296 3.297 3.294 3.285 3.273 3.255 3.233 3.206 3.176 3.142 3.106 3.067 3.027 2.986 2.945 2.904 2.865 2.827 2.792 2.759 2.73 2.704 2.682 2.664 2.65 2.641 2.635 2.635 2.637 2.646 2.657 2.672 2.692 2.713 2.738 2.764 2.794 2.823 2.854 2.885
2.626 2.632 2.642 2.654 2.669 2.685 2.704 2.725 2.748 2.773 2.799 2.826 2.855 2.884 2.914 2.945 2.976 3.007 3.038 3.069 3.099 3.128 3.156 3.183 3.208 3.23 3.249 3.266 3.279 3.287 3.291 3.29 3.285 3.274 3.259 3.239 3.215 3.186 3.154 3.119 3.081 3.041 3.001 2.96 2.919 2.88 2.843 2.808 2.775 2.746 2.72 2.698 2.68 2.666 2.658 2.653 2.653 2.657 2.665 2.677 2.693 2.712 2.734 2.759 2.785 2.814 2.844 2.873 2.903
