gaussiandem_N5451_dx30_xi800_sigma71_r000.txt
ncols 69 
nrows 79
xllcorner 779513
yllcorner 187738
cellsize 30
NODATA_value -9999
[rows 0 to 27 of 79, columns 0 to 62 of 69]
2004.551 2007.058 2009.715 2012.498 2015.379 2018.328 2021.315 2024.306 2027.266 2030.161 2032.959 2035.624 2038.126 2040.436 2042.528 2044.379 2045.969 2047.285 2048.315 2049.055 2049.503 2049.665 2049.548 2049.168 2048.542 2047.693 2046.648 2045.438 2044.095 2042.656 2041.157 2039.638 2038.139 2036.697 2035.351 2034.138 2033.09 2032.238 2031.607 2031.218 2031.086 2031.218 2031.615 2032.273 2033.175 2034.301 2035.62 2037.096 2038.685 2040.337 2041.998 2043.607 2045.105 2046.429 2047.517 2048.31 2048.752 2048.793 2048.391 2047.511 2046.129 2044.229 2041.808
2006.588 2008.876 2011.313 2013.872 2016.527 2019.247 2022 2024.754 2027.473 2030.125 2032.675 2035.092 2037.344 2039.404 2041.247 2042.85 2044.196 2045.272 2046.068 2046.579 2046.807 2046.756 2046.436 2045.861 2045.05 2044.025 2042.813 2041.443 2039.948 2038.362 2036.722 2035.065 2033.43 2031.854 2030.373 2029.023 2027.836 2026.841 2026.062 2025.521 2025.231 2025.201 2025.432 2025.918 2026.646 2027.595 2028.737 2030.037 2031.452 2032.935 2034.431 2035.883 2037.232 2038.418 2039.379 2040.057 2040.398 2040.354 2039.88 2038.944 2037.52 2035.594 2033.163
2008.957 2011.022 2013.231 2015.559 2017.978 2020.456 2022.963 2025.465 2027.928 2030.318 2032.602 2034.75 2036.73 2038.517 2040.087 2041.418 2042.496 2043.307 2043.845 2044.105 2044.089 2043.803 2043.258 2042.469 2041.454 2040.235 2038.84 2037.296 2035.636 2033.893 2032.103 2030.301 2028.524 2026.809 2025.19 2023.701 2022.373 2021.234 2020.309 2019.615 2019.169 2018.977 2019.042 2019.358 2019.913 2020.686 2021.652 2022.777 2024.018 2025.331 2026.664 2027.96 2029.163 2030.213 2031.05 2031.619 2031.866 2031.741 2031.205 2030.223 2028.77 2026.833 2024.406
2011.609 2013.445 2015.42 2017.508 2019.68 2021.906 2024.153 2026.389 2028.579 2030.69 2032.691 2034.549 2036.238 2037.731 2039.007 2040.045 2040.832 2041.358 2041.615 2041.602 2041.323 2040.784 2039.996 2038.975 2037.74 2036.314 2034.722 2032.994 2031.16 2029.252 2027.305 2025.353 2023.432 2021.575 2019.817 2018.19 2016.723 2015.443 2014.373 2013.532 2012.932 2012.583 2012.486 2012.636 2013.022 2013.625 2014.419 2015.371 2016.444 2017.592 2018.766 2019.911 2020.973 2021.893 2022.615 2023.082 2023.243 2023.05 2022.462 2021.447 2019.979 2018.045 2015.64
2014.495 2016.096 2017.828 2019.667 2021.583 2023.544 2025.519 2027.475 2029.377 2031.193 2032.892 2034.445 2035.823 2037.003 2037.965 2038.691 2039.169 2039.389 2039.348 2039.045 2038.485 2037.676 2036.63 2035.364 2033.898 2032.253 2030.457 2028.536 2026.521 2024.444 2022.337 2020.234 2018.167 2016.17 2014.276 2012.513 2010.911 2009.495 2008.286 2007.302 2006.557 2006.057 2005.806 2005.797 2006.022 2006.461 2007.091 2007.88 2008.792 2009.783 2010.806 2011.81 2012.739 2013.54 2014.156 2014.532 2014.619 2014.37 2013.745 2012.712 2011.245 2009.331 2006.965
2017.567 2018.925 2020.408 2021.989 2023.637 2025.323 2027.013 2028.674 2030.274 2031.78 2033.162 2034.391 2035.442 2036.293 2036.924 2037.321 2037.473 2037.372 2037.017 2036.409 2035.554 2034.463 2033.148 2031.627 2029.919 2028.049 2026.041 2023.924 2021.725 2019.477 2017.21 2014.956 2012.747 2010.613 2008.587 2006.695 2004.964 2003.419 2002.079 2000.962 2000.08 1999.439 1999.043 1998.887 1998.96 1999.247 1999.723 2000.36 2001.122 2001.968 2002.852 2003.726 2004.536 2005.23 2005.753 2006.053 2006.08 2005.791 2005.144 2004.109 2002.661 2000.786 1998.478
2020.78 2021.889 2023.114 2024.427 2025.798 2027.196 2028.589 2029.943 2031.226 2032.408 2033.458 2034.349 2035.058 2035.564 2035.85 2035.903 2035.715 2035.28 2034.598 2033.674 2032.514 2031.131 2029.539 2027.755 2025.802 2023.702 2021.48 2019.164 2016.782 2014.363 2011.939 2009.538 2007.191 2004.927 2002.775 2000.761 1998.911 1997.247 1995.787 1994.547 1993.54 1992.771 1992.243 1991.951 1991.887 1992.034 1992.37 1992.869 1993.495 1994.21 1994.97 1995.728 1996.434 1997.036 1997.482 1997.722 1997.707 1997.394 1996.744 1995.726 1994.315 1992.498 1990.267
2024.092 2024.945 2025.903 2026.939 2028.023 2029.122 2030.206 2031.241 2032.195 2033.039 2033.744 2034.284 2034.638 2034.786 2034.714 2034.411 2033.872 2033.092 2032.075 2030.825 2029.353 2027.672 2025.798 2023.749 2021.547 2019.215 2016.78 2014.267 2011.704 2009.119 2006.542 2004 2001.523 1999.137 1996.869 1994.744 1992.785 1991.013 1989.445 1988.096 1986.977 1986.094 1985.448 1985.036 1984.849 1984.872 1985.085 1985.461 1985.967 1986.568 1987.221 1987.881 1988.5 1989.028 1989.416 1989.614 1989.575 1989.257 1988.623 1987.641 1986.287 1984.547 1982.413
2027.466 2028.056 2028.739 2029.489 2030.276 2031.067 2031.83 2032.534 2033.148 2033.642 2033.989 2034.167 2034.154 2033.934 2033.494 2032.826 2031.926 2030.794 2029.435 2027.855 2026.067 2024.084 2021.925 2019.61 2017.16 2014.6 2011.954 2009.248 2006.509 2003.765 2001.043 1998.369 1995.77 1993.272 1990.899 1988.675 1986.619 1984.753 1983.091 1981.647 1980.431 1979.449 1978.702 1978.186 1977.894 1977.81 1977.917 1978.188 1978.593 1979.098 1979.663 1980.244 1980.795 1981.269 1981.618 1981.793 1981.751 1981.449 1980.85 1979.924 1978.647 1977.004 1974.988
2030.868 2031.189 2031.591 2032.047 2032.526 2032.999 2033.432 2033.795 2034.057 2034.191 2034.172 2033.977 2033.588 2032.99 2032.175 2031.135 2029.869 2028.38 2026.674 2024.761 2022.655 2020.371 2017.929 2015.35 2012.655 2009.87 2007.019 2004.127 2001.22 1998.325 1995.467 1992.671 1989.962 1987.364 1984.898 1982.587 1980.45 1978.503 1976.762 1975.239 1973.942 1972.878 1972.047 1971.445 1971.065 1970.894 1970.913 1971.099 1971.423 1971.852 1972.348 1972.87 1973.374 1973.815 1974.145 1974.319 1974.293 1974.027 1973.485 1972.635 1971.456 1969.93 1968.049
2034.272 2034.317 2034.431 2034.585 2034.751 2034.896 2034.99 2035.003 2034.905 2034.671 2034.276 2033.7 2032.928 2031.946 2030.749 2029.332 2027.697 2025.848 2023.795 2021.549 2019.126 2016.543 2013.822 2010.983 2008.05 2005.047 2001.998 1998.928 1995.863 1992.827 1989.845 1986.938 1984.132 1981.446 1978.902 1976.518 1974.313 1972.301 1970.497 1968.911 1967.551 1966.421 1965.523 1964.854 1964.406 1964.166 1964.117 1964.238 1964.501 1964.874 1965.323 1965.808 1966.286 1966.713 1967.046 1967.24 1967.253 1967.043 1966.578 1965.825 1964.762 1963.372 1961.647
2037.654 2037.42 2037.24 2037.087 2036.931 2036.743 2036.491 2036.146 2035.681 2035.07 2034.293 2033.331 2032.169 2030.8 2029.218 2027.422 2025.416 2023.207 2020.807 2018.23 2015.494 2012.618 2009.622 2006.531 2003.367 2000.155 1996.918 1993.682 1990.47 1987.304 1984.209 1981.205 1978.314 1975.554 1972.946 1970.504 1968.246 1966.186 1964.334 1962.701 1961.294 1960.117 1959.171 1958.453 1957.955 1957.665 1957.569 1957.645 1957.867 1958.206 1958.628 1959.096 1959.569 1960.006 1960.363 1960.597 1960.668 1960.536 1960.167 1959.531 1958.604 1957.369 1955.817
2040.996 2040.48 2040.003 2039.538 2039.056 2038.528 2037.924 2037.217 2036.379 2035.387 2034.223 2032.87 2031.318 2029.558 2027.589 2025.414 2023.038 2020.472 2017.729 2014.826 2011.782 2008.618 2005.357 2002.022 1998.636 1995.225 1991.812 1988.42 1985.073 1981.791 1978.597 1975.509 1972.546 1969.727 1967.068 1964.584 1962.288 1960.194 1958.311 1956.648 1955.211 1954.004 1953.027 1952.277 1951.748 1951.428 1951.303 1951.354 1951.556 1951.881 1952.297 1952.769 1953.258 1953.724 1954.125 1954.421 1954.57 1954.535 1954.282 1953.781 1953.008 1951.945 1950.582
2044.284 2043.485 2042.709 2041.93 2041.12 2040.249 2039.29 2038.216 2037.002 2035.627 2034.073 2032.328 2030.383 2028.233 2025.879 2023.326 2020.584 2017.664 2014.583 2011.36 2008.016 2004.574 2001.056 1997.487 1993.891 1990.293 1986.715 1983.181 1979.711 1976.326 1973.045 1969.887 1966.868 1964.004 1961.308 1958.795 1956.477 1954.364 1952.464 1950.787 1949.336 1948.115 1947.124 1946.36 1945.817 1945.486 1945.351 1945.395 1945.596 1945.926 1946.356 1946.852 1947.376 1947.891 1948.357 1948.732 1948.979 1949.059 1948.94 1948.591 1947.988 1947.113 1945.954
2047.509 2046.428 2045.354 2044.261 2043.121 2041.907 2040.591 2039.149 2037.558 2035.799 2033.856 2031.719 2029.382 2026.844 2024.108 2021.182 2018.078 2014.811 2011.4 2007.865 2004.23 2000.518 1996.754 1992.963 1989.169 1985.396 1981.666 1978.002 1974.423 1970.948 1967.596 1964.38 1961.318 1958.422 1955.704 1953.177 1950.849 1948.731 1946.83 1945.152 1943.702 1942.483 1941.493 1940.732 1940.192 1939.865 1939.738 1939.793 1940.01 1940.364 1940.826 1941.363 1941.941 1942.523 1943.07 1943.543 1943.904 1944.116 1944.147 1943.965 1943.547 1942.874 1941.932
2050.663 2049.305 2047.936 2046.531 2045.063 2043.507 2041.836 2040.028 2038.061 2035.919 2033.59 2031.064 2028.339 2025.417 2022.304 2019.011 2015.552 2011.946 2008.213 2004.376 2000.46 1996.49 1992.492 1988.491 1984.511 1980.575 1976.707 1972.926 1969.251 1965.7 1962.288 1959.029 1955.936 1953.021 1950.294 1947.765 1945.441 1943.331 1941.441 1939.777 1938.341 1937.136 1936.163 1935.418 1934.896 1934.589 1934.484 1934.567 1934.816 1935.209 1935.719 1936.315 1936.963 1937.627 1938.271 1938.857 1939.348 1939.706 1939.9 1939.899 1939.679 1939.219 1938.506
2053.742 2052.113 2050.455 2048.743 2046.952 2045.058 2043.037 2040.866 2038.528 2036.008 2033.296 2030.387 2027.28 2023.981 2020.498 2016.846 2013.041 2009.105 2005.06 2000.932 1996.747 1992.531 1988.311 1984.112 1979.959 1975.875 1971.88 1967.996 1964.238 1960.623 1957.164 1953.874 1950.763 1947.84 1945.115 1942.595 1940.287 1938.196 1936.329 1934.689 1933.279 1932.102 1931.156 1930.44 1929.949 1929.674 1929.606 1929.729 1930.024 1930.471 1931.043 1931.71 1932.442 1933.203 1933.958 1934.67 1935.302 1935.819 1936.188 1936.379 1936.367 1936.13 1935.655
2056.742 2054.852 2052.913 2050.902 2048.796 2046.571 2044.206 2041.68 2038.977 2036.086 2033 2029.715 2026.234 2022.566 2018.723 2014.721 2010.581 2006.326 2001.982 1997.574 1993.132 1988.683 1984.253 1979.87 1975.557 1971.337 1967.229 1963.254 1959.425 1955.758 1952.264 1948.953 1945.834 1942.915 1940.202 1937.702 1935.418 1933.357 1931.522 1929.916 1928.542 1927.401 1926.493 1925.816 1925.366 1925.135 1925.114 1925.289 1925.642 1926.153 1926.798 1927.549 1928.376 1929.245 1930.121 1930.969 1931.753 1932.438 1932.992 1933.383 1933.586 1933.58 1933.349
2059.661 2057.521 2055.313 2053.014 2050.603 2048.058 2045.358 2042.487 2039.43 2036.177 2032.726 2029.075 2025.232 2021.206 2017.014 2012.675 2008.212 2003.65 1999.018 1994.345 1989.659 1984.989 1980.364 1975.809 1971.348 1967.004 1962.796 1958.741 1954.853 1951.145 1947.626 1944.304 1941.187 1938.28 1935.588 1933.115 1930.865 1928.84 1927.044 1925.48 1924.149 1923.053 1922.191 1921.561 1921.16 1920.981 1921.015 1921.25 1921.669 1922.254 1922.981 1923.824 1924.754 1925.739 1926.744 1927.736 1928.68 1929.539 1930.283 1930.88 1931.305 1931.535 1931.553
2062.494 2060.119 2057.656 2055.084 2052.382 2049.529 2046.508 2043.303 2039.904 2036.303 2032.5 2028.497 2024.303 2019.933 2015.405 2010.742 2005.969 2001.115 1996.21 1991.284 1986.367 1981.491 1976.683 1971.97 1967.374 1962.919 1958.622 1954.498 1950.561 1946.821 1943.285 1939.962 1936.854 1933.967 1931.302 1928.863 1926.651 1924.669 1922.918 1921.401 1920.118 1919.072 1918.26 1917.683 1917.337 1917.215 1917.311 1917.611 1918.103 1918.767 1919.582 1920.522 1921.561 1922.667 1923.807 1924.948 1926.054 1927.093 1928.031 1928.838 1929.487 1929.955 1930.225
2065.235 2062.644 2059.943 2057.114 2054.136 2050.992 2047.666 2044.144 2040.418 2036.484 2032.344 2028.003 2023.475 2018.776 2013.928 2008.956 2003.889 1998.757 1993.593 1988.43 1983.298 1978.229 1973.251 1968.392 1963.674 1959.119 1954.743 1950.56 1946.583 1942.82 1939.276 1935.957 1932.865 1930.002 1927.37 1924.968 1922.799 1920.863 1919.161 1917.693 1916.462 1915.468 1914.711 1914.189 1913.9 1913.839 1913.999 1914.368 1914.935 1915.681 1916.587 1917.628 1918.778 1920.007 1921.284 1922.575 1923.847 1925.065 1926.198 1927.215 1928.089 1928.796 1929.318
2067.877 2065.089 2062.171 2059.104 2055.87 2052.454 2048.841 2045.02 2040.986 2036.737 2032.277 2027.618 2022.772 2017.762 2012.611 2007.347 2002.003 1996.61 1991.203 1985.817 1980.485 1975.237 1970.104 1965.111 1960.283 1955.638 1951.193 1946.961 1942.952 1939.172 1935.626 1932.317 1929.245 1926.41 1923.813 1921.452 1919.327 1917.439 1915.786 1914.369 1913.19 1912.249 1911.546 1911.08 1910.849 1910.849 1911.073 1911.513 1912.154 1912.983 1913.979 1915.121 1916.382 1917.734 1919.147 1920.587 1922.022 1923.419 1924.746 1925.971 1927.068 1928.013 1928.784
2070.407 2067.446 2064.332 2061.049 2057.582 2053.914 2050.036 2045.937 2041.616 2037.073 2032.315 2027.356 2022.214 2016.912 2011.477 2005.941 2000.337 1994.701 1989.069 1983.477 1977.958 1972.546 1967.271 1962.158 1957.23 1952.506 1948.001 1943.728 1939.693 1935.903 1932.359 1929.063 1926.014 1923.21 1920.649 1918.329 1916.249 1914.407 1912.802 1911.436 1910.308 1909.418 1908.767 1908.355 1908.18 1908.239 1908.525 1909.032 1909.746 1910.655 1911.74 1912.979 1914.348 1915.82 1917.364 1918.951 1920.546 1922.117 1923.633 1925.063 1926.379 1927.557 1928.575
2072.812 2069.701 2066.416 2062.942 2059.264 2055.371 2051.25 2046.898 2042.313 2037.498 2032.466 2027.23 2021.813 2016.241 2010.544 2004.755 1998.912 1993.052 1987.213 1981.431 1975.743 1970.182 1964.778 1959.556 1954.54 1949.746 1945.191 1940.883 1936.828 1933.032 1929.494 1926.214 1923.189 1920.415 1917.89 1915.61 1913.572 1911.775 1910.216 1908.896 1907.815 1906.973 1906.371 1906.009 1905.885 1905.998 1906.343 1906.912 1907.694 1908.678 1909.846 1911.177 1912.648 1914.234 1915.905 1917.631 1919.38 1921.119 1922.818 1924.447 1925.976 1927.382 1928.642
2075.072 2071.837 2068.407 2064.768 2060.907 2056.813 2052.477 2047.897 2043.074 2038.014 2032.732 2027.244 2021.577 2015.758 2009.822 2003.804 1997.743 1991.678 1985.651 1979.698 1973.857 1968.162 1962.642 1957.325 1952.23 1947.377 1942.778 1938.441 1934.373 1930.574 1927.044 1923.78 1920.779 1918.035 1915.544 1913.301 1911.302 1909.545 1908.028 1906.749 1905.71 1904.91 1904.351 1904.032 1903.955 1904.115 1904.511 1905.136 1905.98 1907.031 1908.274 1909.69 1911.256 1912.947 1914.736 1916.593 1918.487 1920.387 1922.261 1924.08 1925.815 1927.441 1928.937
2077.163 2073.832 2070.285 2066.508 2062.492 2058.225 2053.702 2048.923 2043.889 2038.613 2033.108 2027.396 2021.505 2015.466 2009.315 2003.091 1996.834 1990.588 1984.392 1978.287 1972.311 1966.497 1960.876 1955.475 1950.314 1945.409 1940.774 1936.414 1932.335 1928.536 1925.015 1921.769 1918.79 1916.073 1913.613 1911.403 1909.439 1907.717 1906.234 1904.991 1903.987 1903.222 1902.698 1902.416 1902.375 1902.576 1903.014 1903.686 1904.582 1905.692 1907.001 1908.491 1910.142 1911.929 1913.826 1915.804 1917.834 1919.883 1921.923 1923.922 1925.854 1927.693 1929.417
2079.059 2075.659 2072.023 2068.139 2063.996 2059.587 2054.907 2049.958 2044.745 2039.28 2033.582 2027.675 2021.589 2015.357 2009.018 2002.614 1996.186 1989.78 1983.438 1977.201 1971.107 1965.191 1959.484 1954.011 1948.793 1943.847 1939.182 1934.805 1930.719 1926.922 1923.411 1920.18 1917.222 1914.53 1912.096 1909.913 1907.978 1906.284 1904.83 1903.614 1902.636 1901.898 1901.4 1901.145 1901.133 1901.363 1901.835 1902.543 1903.481 1904.638 1906.002 1907.556 1909.28 1911.152 1913.145 1915.233 1917.385 1919.574 1921.767 1923.937 1926.056 1928.098 1930.042
2080.728 2077.288 2073.592 2069.63 2065.391 2060.871 2056.065 2050.978 2045.616 2039.996 2034.136 2028.065 2021.813 2015.418 2008.92 2002.362 1995.79 1989.249 1982.783 1976.434 1970.241 1964.24 1958.462 1952.931 1947.668 1942.687 1938 1933.611 1929.521 1925.728 1922.227 1919.01 1916.07 1913.398 1910.985 1908.825 1906.911 1905.238 1903.804 1902.607 1901.647 1900.926 1900.445 1900.206 1900.211 1900.461 1900.954 1901.688 1902.655 1903.849 1905.255 1906.86 1908.645 1910.588 1912.665 1914.849 1917.112 1919.426 1921.762 1924.091 1926.386 1928.621 1930.776
