gaussiandem_N5451_dx30_xi800_sigma71_r000.txt
ncols 69 
nrows 79
xllcorner 779513
yllcorner 187738
cellsize 30
NODATA_value -9999
[rows 28 to 55 of 79, columns 0 to 62 of 69]
2082.137 2078.684 2074.958 2070.948 2066.645 2062.044 2057.146 2051.953 2046.477 2040.733 2034.745 2028.541 2022.156 2015.628 2009.001 2002.319 1995.63 1988.979 1982.413 1975.974 1969.703 1963.635 1957.8 1952.224 1946.927 1941.923 1937.221 1932.824 1928.734 1924.946 1921.454 1918.25 1915.324 1912.668 1910.271 1908.127 1906.227 1904.567 1903.145 1901.957 1901.006 1900.291 1899.816 1899.583 1899.594 1899.852 1900.354 1901.101 1902.086 1903.302 1904.738 1906.381 1908.212 1910.213 1912.359 1914.626 1916.987 1919.414 1921.879 1924.355 1926.814 1929.233 1931.59
2083.247 2079.81 2076.082 2072.054 2067.718 2063.071 2058.112 2052.848 2047.291 2041.459 2035.377 2029.075 2022.59 2015.962 2009.237 2002.461 1995.683 1988.949 1982.308 1975.803 1969.475 1963.358 1957.484 1951.878 1946.558 1941.539 1936.829 1932.431 1928.343 1924.562 1921.079 1917.886 1914.972 1912.327 1909.94 1907.805 1905.912 1904.257 1902.836 1901.649 1900.695 1899.977 1899.497 1899.259 1899.264 1899.517 1900.017 1900.763 1901.753 1902.978 1904.43 1906.097 1907.961 1910.005 1912.207 1914.542 1916.987 1919.513 1922.095 1924.705 1927.318 1929.91 1932.459
2084.019 2080.625 2076.925 2072.91 2068.573 2063.911 2058.926 2053.625 2048.023 2042.137 2035.996 2029.631 2023.081 2016.387 2009.597 2002.759 1995.921 1989.134 1982.445 1975.898 1969.533 1963.388 1957.492 1951.87 1946.541 1941.518 1936.808 1932.413 1928.332 1924.559 1921.085 1917.901 1914.995 1912.357 1909.975 1907.842 1905.948 1904.29 1902.863 1901.666 1900.7 1899.967 1899.471 1899.216 1899.204 1899.44 1899.925 1900.658 1901.638 1902.859 1904.313 1905.989 1907.872 1909.945 1912.188 1914.578 1917.092 1919.705 1922.39 1925.122 1927.877 1930.632 1933.364
2084.416 2081.09 2077.444 2073.471 2069.164 2064.521 2059.544 2054.242 2048.629 2042.727 2036.563 2030.172 2023.592 2016.868 2010.047 2003.179 1996.314 1989.502 1982.792 1976.228 1969.851 1963.698 1957.798 1952.177 1946.851 1941.834 1937.133 1932.749 1928.678 1924.915 1921.451 1918.275 1915.375 1912.739 1910.357 1908.219 1906.318 1904.648 1903.205 1901.99 1901.002 1900.245 1899.722 1899.438 1899.397 1899.604 1900.06 1900.768 1901.726 1902.929 1904.372 1906.043 1907.931 1910.019 1912.288 1914.719 1917.289 1919.974 1922.75 1925.593 1928.479 1931.386 1934.293
2084.396 2081.162 2077.599 2073.697 2069.451 2064.859 2059.924 2054.656 2049.069 2043.187 2037.037 2030.656 2024.084 2017.366 2010.549 2003.686 1996.826 1990.02 1983.318 1976.764 1970.399 1964.259 1958.375 1952.77 1947.463 1942.464 1937.781 1933.413 1929.358 1925.609 1922.155 1918.986 1916.089 1913.452 1911.065 1908.917 1907.001 1905.312 1903.845 1902.602 1901.583 1900.791 1900.231 1899.907 1899.827 1899.993 1900.41 1901.079 1902.002 1903.174 1904.592 1906.245 1908.124 1910.213 1912.496 1914.955 1917.567 1920.312 1923.167 1926.109 1929.116 1932.166 1935.24
2083.922 2080.804 2077.348 2073.546 2069.391 2064.882 2060.023 2054.823 2049.299 2043.473 2037.377 2031.044 2024.517 2017.841 2011.065 2004.241 1997.419 1990.652 1983.987 1977.47 1971.143 1965.039 1959.191 1953.621 1948.346 1943.378 1938.723 1934.38 1930.347 1926.614 1923.172 1920.01 1917.115 1914.474 1912.077 1909.914 1907.977 1906.262 1904.764 1903.485 1902.426 1901.59 1900.983 1900.61 1900.478 1900.593 1900.958 1901.578 1902.454 1903.583 1904.963 1906.586 1908.442 1910.52 1912.804 1915.277 1917.92 1920.713 1923.635 1926.666 1929.783 1932.968 1936.2
2082.959 2079.978 2076.654 2072.977 2068.943 2064.548 2059.798 2054.702 2049.277 2043.547 2037.54 2031.294 2024.85 2018.254 2011.556 2004.807 1998.059 1991.362 1984.766 1978.315 1972.05 1966.007 1960.215 1954.698 1949.472 1944.549 1939.932 1935.623 1931.617 1927.905 1924.478 1921.323 1918.429 1915.782 1913.372 1911.19 1909.227 1907.479 1905.943 1904.621 1903.513 1902.625 1901.962 1901.53 1901.338 1901.391 1901.695 1902.254 1903.071 1904.147 1905.477 1907.058 1908.88 1910.934 1913.207 1915.683 1918.345 1921.175 1924.155 1927.263 1930.483 1933.794 1937.178
2081.476 2078.652 2075.482 2071.957 2068.071 2063.822 2059.213 2054.256 2048.966 2043.367 2037.489 2031.368 2025.046 2018.569 2011.987 2005.349 1998.709 1992.116 1985.619 1979.263 1973.089 1967.13 1961.417 1955.972 1950.812 1945.947 1941.381 1937.114 1933.142 1929.457 1926.048 1922.902 1920.009 1917.354 1914.929 1912.723 1910.729 1908.944 1907.364 1905.992 1904.829 1903.881 1903.154 1902.655 1902.393 1902.376 1902.609 1903.098 1903.847 1904.857 1906.128 1907.656 1909.434 1911.454 1913.704 1916.173 1918.844 1921.701 1924.728 1927.907 1931.22 1934.65 1938.18
2079.447 2076.797 2073.802 2070.453 2066.743 2062.669 2058.235 2053.45 2048.332 2042.902 2037.19 2031.233 2025.072 2018.752 2012.322 2005.833 1999.336 1992.881 1986.516 1980.285 1974.228 1968.379 1962.767 1957.414 1952.337 1947.545 1943.042 1938.828 1934.898 1931.245 1927.857 1924.723 1921.831 1919.169 1916.726 1914.494 1912.467 1910.639 1909.011 1907.582 1906.358 1905.344 1904.546 1903.973 1903.635 1903.538 1903.692 1904.102 1904.775 1905.711 1906.913 1908.378 1910.102 1912.078 1914.298 1916.749 1919.42 1922.296 1925.362 1928.603 1932.002 1935.545 1939.214
2076.851 2074.392 2071.592 2068.442 2064.934 2061.064 2056.836 2052.257 2047.345 2042.121 2036.614 2030.859 2024.897 2018.773 2012.534 2006.23 1999.912 1993.629 1987.428 1981.352 1975.44 1969.727 1964.239 1958.999 1954.022 1949.318 1944.891 1940.74 1936.861 1933.246 1929.885 1926.765 1923.876 1921.206 1918.745 1916.486 1914.421 1912.548 1910.867 1909.378 1908.088 1907.002 1906.127 1905.474 1905.052 1904.87 1904.938 1905.262 1905.85 1906.705 1907.83 1909.225 1910.887 1912.811 1914.991 1917.417 1920.08 1922.967 1926.065 1929.361 1932.841 1936.49 1940.295
2073.676 2071.422 2068.836 2065.907 2062.625 2058.987 2054.995 2050.656 2045.985 2041.003 2035.738 2030.223 2024.499 2018.609 2012.598 2006.517 2000.414 1994.337 1988.332 1982.441 1976.703 1971.15 1965.809 1960.702 1955.844 1951.244 1946.906 1942.83 1939.01 1935.441 1932.11 1929.009 1926.125 1923.448 1920.969 1918.68 1916.577 1914.656 1912.918 1911.367 1910.006 1908.843 1907.888 1907.149 1906.639 1906.366 1906.341 1906.573 1907.07 1907.838 1908.879 1910.197 1911.79 1913.656 1915.789 1918.184 1920.832 1923.724 1926.848 1930.194 1933.749 1937.5 1941.435
2069.916 2067.881 2065.526 2062.838 2059.807 2056.428 2052.702 2048.634 2044.238 2039.533 2034.547 2029.31 2023.862 2018.243 2012.499 2006.677 2000.824 1994.987 1989.21 1983.534 1977.997 1972.63 1967.459 1962.506 1957.784 1953.304 1949.068 1945.078 1941.327 1937.81 1934.517 1931.437 1928.561 1925.879 1923.382 1921.064 1918.92 1916.95 1915.154 1913.536 1912.102 1910.859 1909.819 1908.991 1908.388 1908.019 1907.898 1908.034 1908.435 1909.109 1910.063 1911.298 1912.816 1914.618 1916.7 1919.059 1921.687 1924.578 1927.724 1931.114 1934.739 1938.588 1942.648
2065.574 2063.771 2061.662 2059.235 2056.477 2053.384 2049.951 2046.186 2042.098 2037.706 2033.034 2028.112 2022.976 2017.666 2012.225 2006.698 2001.129 1995.565 1990.048 1984.617 1979.308 1974.152 1969.174 1964.395 1959.828 1955.483 1951.363 1947.469 1943.797 1940.34 1937.089 1934.036 1931.171 1928.485 1925.971 1923.624 1921.44 1919.419 1917.562 1915.876 1914.366 1913.042 1911.914 1910.994 1910.294 1909.828 1909.606 1909.641 1909.943 1910.521 1911.382 1912.531 1913.971 1915.705 1917.732 1920.049 1922.654 1925.54 1928.703 1932.134 1935.826 1939.768 1943.951
2060.665 2059.103 2057.256 2055.107 2052.645 2049.861 2046.751 2043.317 2039.57 2035.524 2031.201 2026.629 2021.842 2016.877 2011.774 2006.576 2001.326 1996.068 1990.84 1985.683 1980.629 1975.708 1970.945 1966.36 1961.965 1957.77 1953.78 1949.993 1946.408 1943.018 1939.816 1936.794 1933.942 1931.255 1928.726 1926.349 1924.125 1922.053 1920.136 1918.38 1916.793 1915.385 1914.167 1913.153 1912.355 1911.787 1911.463 1911.396 1911.596 1912.075 1912.84 1913.9 1915.26 1916.923 1918.891 1921.165 1923.743 1926.622 1929.799 1933.268 1937.023 1941.055 1945.357
2055.208 2053.898 2052.326 2050.474 2048.328 2045.876 2043.114 2040.041 2036.665 2032.997 2029.057 2024.87 2020.466 2015.881 2011.15 2006.315 2001.417 1996.494 1991.587 1986.73 1981.956 1977.294 1972.768 1968.394 1964.189 1960.159 1956.309 1952.641 1949.152 1945.836 1942.688 1939.701 1936.867 1934.181 1931.637 1929.233 1926.968 1924.844 1922.866 1921.04 1919.375 1917.882 1916.573 1915.463 1914.566 1913.897 1913.469 1913.297 1913.394 1913.772 1914.441 1915.411 1916.688 1918.278 1920.187 1922.415 1924.964 1927.834 1931.023 1934.528 1938.343 1942.462 1946.878
2049.237 2048.187 2046.902 2045.363 2043.551 2041.455 2039.066 2036.381 2033.405 2030.146 2026.621 2022.851 2018.864 2014.691 2010.366 2005.926 2001.409 1996.852 1992.292 1987.762 1983.293 1978.912 1974.641 1970.498 1966.496 1962.645 1958.949 1955.409 1952.023 1948.789 1945.7 1942.752 1939.939 1937.255 1934.699 1932.268 1929.963 1927.788 1925.748 1923.851 1922.107 1920.529 1919.129 1917.923 1916.926 1916.153 1915.621 1915.345 1915.338 1915.615 1916.187 1917.066 1918.26 1919.778 1921.625 1923.807 1926.327 1929.186 1932.386 1935.923 1939.796 1944 1948.527
2042.79 2042.01 2041.024 2039.811 2038.353 2036.633 2034.64 2032.369 2029.82 2026.999 2023.919 2020.597 2017.057 2013.328 2009.439 2005.423 2001.317 1997.153 1992.966 1988.787 1984.645 1980.565 1976.569 1972.672 1968.89 1965.229 1961.697 1958.294 1955.02 1951.872 1948.848 1945.943 1943.152 1940.474 1937.906 1935.449 1933.105 1930.879 1928.777 1926.809 1924.987 1923.323 1921.831 1920.529 1919.432 1918.557 1917.92 1917.539 1917.429 1917.605 1918.081 1918.869 1919.981 1921.426 1923.213 1925.349 1927.839 1930.687 1933.895 1937.464 1941.393 1945.677 1950.312
2035.919 2035.414 2034.738 2033.866 2032.777 2031.453 2029.878 2028.044 2025.948 2023.592 2020.984 2018.139 2015.076 2011.818 2008.393 2004.83 2001.16 1997.415 1993.625 1989.82 1986.025 1982.264 1978.558 1974.924 1971.373 1967.915 1964.555 1961.297 1958.141 1955.086 1952.13 1949.271 1946.506 1943.834 1941.256 1938.773 1936.39 1934.113 1931.95 1929.911 1928.01 1926.26 1924.677 1923.279 1922.082 1921.105 1920.365 1919.88 1919.668 1919.744 1920.124 1920.823 1921.853 1923.227 1924.954 1927.044 1929.505 1932.341 1935.558 1939.157 1943.139 1947.501 1952.238
2028.682 2028.459 2028.101 2027.582 2026.878 2025.966 2024.829 2023.454 2021.833 2019.966 2017.857 2015.514 2012.953 2010.194 2007.258 2004.172 2000.963 1997.659 1994.288 1990.875 1987.445 1984.021 1980.621 1977.26 1973.952 1970.706 1967.528 1964.421 1961.389 1958.43 1955.546 1952.735 1949.997 1947.333 1944.746 1942.238 1939.816 1937.488 1935.263 1933.154 1931.174 1929.339 1927.665 1926.171 1924.875 1923.796 1922.954 1922.367 1922.053 1922.031 1922.318 1922.929 1923.88 1925.183 1926.852 1928.898 1931.329 1934.155 1937.379 1941.007 1945.039 1949.475 1954.31
2021.144 2021.208 2021.177 2021.022 2020.715 2020.231 2019.548 2018.651 2017.528 2016.171 2014.582 2012.764 2010.729 2008.49 2006.067 2003.48 2000.753 1997.91 1994.975 1991.972 1988.923 1985.849 1982.767 1979.692 1976.636 1973.61 1970.619 1967.67 1964.765 1961.907 1959.096 1956.336 1953.626 1950.971 1948.375 1945.842 1943.381 1941.002 1938.715 1936.535 1934.476 1932.556 1930.791 1929.202 1927.808 1926.629 1925.685 1924.997 1924.585 1924.466 1924.661 1925.187 1926.06 1927.296 1928.909 1930.911 1933.314 1936.128 1939.36 1943.015 1947.095 1951.601 1956.528
2013.378 2013.734 2014.036 2014.253 2014.354 2014.311 2014.099 2013.696 2013.086 2012.259 2011.209 2009.936 2008.446 2006.748 2004.856 2002.786 2000.558 1998.192 1995.71 1993.131 1990.476 1987.763 1985.009 1982.229 1979.433 1976.633 1973.835 1971.047 1968.273 1965.517 1962.783 1960.073 1957.393 1954.747 1952.141 1949.583 1947.083 1944.652 1942.304 1940.052 1937.915 1935.909 1934.054 1932.37 1930.879 1929.601 1928.557 1927.77 1927.26 1927.048 1927.153 1927.596 1928.394 1929.564 1931.122 1933.083 1935.459 1938.262 1941.5 1945.18 1949.306 1953.876 1958.89
2005.465 2006.114 2006.753 2007.349 2007.868 2008.276 2008.545 2008.649 2008.568 2008.285 2007.79 2007.078 2006.149 2005.007 2003.661 2002.124 2000.409 1998.534 1996.516 1994.373 1992.121 1989.779 1987.361 1984.881 1982.351 1979.782 1977.181 1974.557 1971.916 1969.264 1966.606 1963.948 1961.297 1958.659 1956.044 1953.46 1950.921 1948.438 1946.026 1943.703 1941.487 1939.395 1937.45 1935.673 1934.085 1932.708 1931.566 1930.682 1930.076 1929.772 1929.791 1930.153 1930.878 1931.984 1933.49 1935.411 1937.761 1940.553 1943.797 1947.5 1951.666 1956.297 1961.389
1997.487 1998.43 1999.41 2000.389 2001.331 2002.197 2002.956 2003.577 2004.035 2004.307 2004.378 2004.239 2003.883 2003.309 2002.521 2001.527 2000.336 1998.961 1997.416 1995.716 1993.876 1991.91 1989.833 1987.659 1985.398 1983.062 1980.66 1978.202 1975.694 1973.147 1970.565 1967.959 1965.336 1962.707 1960.081 1957.471 1954.89 1952.355 1949.88 1947.485 1945.189 1943.012 1940.977 1939.105 1937.421 1935.948 1934.709 1933.728 1933.03 1932.636 1932.57 1932.853 1933.508 1934.553 1936.008 1937.891 1940.215 1942.996 1946.244 1949.967 1954.17 1958.854 1964.016
1989.533 1990.769 1992.089 1993.453 1994.82 1996.149 1997.403 1998.546 1999.549 2000.383 2001.028 2001.468 2001.692 2001.694 2001.471 2001.027 2000.366 1999.497 1998.431 1997.178 1995.753 1994.168 1992.435 1990.568 1988.578 1986.476 1984.274 1981.982 1979.609 1977.165 1974.66 1972.104 1969.509 1966.887 1964.25 1961.612 1958.99 1956.4 1953.861 1951.393 1949.017 1946.755 1944.629 1942.664 1940.885 1939.315 1937.98 1936.905 1936.114 1935.633 1935.484 1935.692 1936.278 1937.264 1938.671 1940.515 1942.815 1945.583 1948.833 1952.573 1956.807 1961.538 1966.762
1981.691 1983.217 1984.875 1986.622 1988.414 1990.206 1991.955 1993.623 1995.171 1996.57 1997.792 1998.814 1999.621 2000.201 2000.546 2000.653 2000.525 2000.164 1999.578 1998.775 1997.765 1996.561 1995.173 1993.613 1991.893 1990.026 1988.024 1985.896 1983.656 1981.315 1978.886 1976.38 1973.812 1971.195 1968.545 1965.879 1963.214 1960.57 1957.966 1955.424 1952.967 1950.618 1948.402 1946.344 1944.469 1942.804 1941.374 1940.206 1939.325 1938.757 1938.528 1938.661 1939.181 1940.11 1941.468 1943.275 1945.55 1948.305 1951.555 1955.307 1959.567 1964.336 1969.611
1974.051 1975.861 1977.852 1979.978 1982.191 1984.441 1986.682 1988.87 1990.963 1992.923 1994.719 1996.321 1997.709 1998.865 1999.775 2000.433 2000.834 2000.979 2000.871 2000.515 1999.919 1999.094 1998.048 1996.794 1995.343 1993.709 1991.903 1989.94 1987.831 1985.592 1983.237 1980.78 1978.237 1975.625 1972.962 1970.266 1967.557 1964.857 1962.187 1959.571 1957.033 1954.597 1952.291 1950.139 1948.169 1946.408 1944.884 1943.623 1942.653 1942.001 1941.692 1941.753 1942.208 1943.08 1944.391 1946.161 1948.409 1951.15 1954.395 1958.155 1962.434 1967.234 1972.549
1966.703 1968.788 1971.104 1973.6 1976.225 1978.925 1981.651 1984.351 1986.98 1989.494 1991.855 1994.031 1995.992 1997.716 1999.185 2000.386 2001.311 2001.955 2002.319 2002.405 2002.218 2001.767 2001.059 2000.107 1998.922 1997.517 1995.906 1994.104 1992.126 1989.987 1987.704 1985.294 1982.776 1980.168 1977.49 1974.764 1972.011 1969.255 1966.518 1963.827 1961.207 1958.684 1956.286 1954.041 1951.976 1950.12 1948.501 1947.149 1946.09 1945.354 1944.967 1944.957 1945.347 1946.163 1947.427 1949.16 1951.38 1954.103 1957.341 1961.103 1965.393 1970.213 1975.556
1959.732 1962.083 1964.711 1967.565 1970.589 1973.727 1976.923 1980.122 1983.273 1986.328 1989.243 1991.978 1994.5 1996.78 1998.796 2000.529 2001.967 2003.101 2003.927 2004.446 2004.66 2004.575 2004.199 2003.543 2002.619 2001.439 2000.02 1998.377 1996.526 1994.485 1992.274 1989.911 1987.416 1984.812 1982.12 1979.363 1976.566 1973.753 1970.95 1968.183 1965.481 1962.871 1960.381 1958.042 1955.882 1953.93 1952.218 1950.774 1949.627 1948.808 1948.343 1948.261 1948.588 1949.348 1950.564 1952.258 1954.448 1957.15 1960.375 1964.132 1968.426 1973.255 1978.613
